64610 64455 1355
64455 64610 1355
113750 113725 1213
26405 26411 1414
63364 63631 1721
63631 63364 1721
142309 142622 368
166872 166913 1150
67707 67479 167
95358 94731 1706
167024 167022 1149
66829 66698 2015
75333 75249 1714
75249 75333 1714
176691 176595 101
73094 73092 2011
73092 73094 2011
153426 153733 821
8800 8920 207
7876 7874 2026
7874 7876 2026
26626 26669 1415
94706 95358 1706
108098 108846 1697
157025 155779 123
157964 158168 378
149783 150366 506
199279 199280 506
119920 119522 1020
65790 65676 1719
65676 65790 1719
176370 176417 103
166652 166665 1144
155715 155389 124
141086 141078 1006
113393 113079 1193
160109 159602 886
152486 152494 503
178786 178853 940
178853 178786 940
10777 10589 205
5304 6817 212
152495 152496 502
57397 57306 1307
57306 57397 1307
6822 5275 212
76959 77890 161
107612 107447 326
154016 153618 821
170197 170742 114
28301 28331 1742
28331 28301 1742
51023 51206 1726
51206 51023 1726
117633 117513 1189
161757 162450 1153
26665 26691 1417
39186 39004 1446
58443 58437 1348
58437 58443 1348
58454 58459 1350
58459 58454 1350
105409 105491 1699
17278 17228 198
107188 107178 766
107178 107188 766
184878 165717 1142
159689 160124 886
157727 157964 952
157964 157727 952
10590 10732 205
26648 26563 1415
113701 113723 1211
102462 103306 1199
199252 199254 1199
110198 110651 1195
127502 127506 1081
127506 127502 1081
26637 26593 1419
26687 27120 1437
27120 26687 1437
26754 26718 1416
76965 76963 2010
76963 76965 2010
58448 58443 1349
58443 58448 1349
28848 28735 1741
28735 28848 1741
58277 58275 1342
58275 58277 1342
50353 50359 625
51023 50468 1727
50468 51023 1727
70895 71111 1332
71111 70895 1332
50415 50421 627
50421 50415 627
142006 141951 1011
107346 107469 326
58360 58372 1346
58372 58360 1346
170742 171199 113
84545 84423 157
109330 109282 1201
70103 69932 2013
69932 70103 2013
141493 140160 513
199288 199289 513
102802 102489 1701
114189 115398 331
152461 152462 502
120725 120669 2004
120669 120725 2004
146364 146355 370
166864 166909 1147
17225 17282 198
20458 20475 2024
20475 20458 2024
140892 140899 1010
113084 113389 1193
28301 28253 1743
28253 28301 1743
27889 27848 1744
27848 27889 1744
140916 140917 1010
109251 109232 1201
8917 8799 207
102362 102541 1701
106960 106758 1698
111828 111260 1194
115568 115225 1695
115225 115568 1695
66825 66968 1718
66968 66825 1718
110594 184995 1238
184995 110594 1238
108162 108069 1244
108069 108162 1244
166747 166666 865
166666 166747 865
114603 114525 1215
176520 176433 103
155978 157019 123
158310 158227 377
157536 157727 953
157727 157536 953
21735 21892 1642
142146 142514 1004
131538 131533 1094
131533 131538 1094
163755 163504 873
163504 163755 873
94614 94443 696
94443 94614 696
93145 92972 727
92972 93145 727
94630 94614 708
94614 94630 708
131712 131719 1103
131719 131712 1103
142236 142115 1033
142115 142236 1033
184942 111705 1261
111705 184942 1261
131750 131737 1104
131737 131750 1104
140289 140747 1054
140747 140289 1054
109065 109070 1245
109070 109065 1245
109092 109070 1246
109070 109092 1246
99775 99880 752
99880 99775 752
129392 129292 1089
129292 129392 1089
111502 111450 1262
111450 111502 1262
176850 176881 837
176881 176850 837
112100 112146 1122
131095 131113 1105
131113 131095 1105
62017 62228 657
62228 62017 657
108545 108099 1697
58459 58090 1358
58090 58459 1358
199327 199316 1358
92567 91402 1707
104204 104051 1700
104050 104091 1700
110657 110170 1195
113672 113950 1192
85417 85372 156
179282 179290 939
179290 179282 939
99915 99880 753
99880 99915 753
170628 170457 910
170457 170628 910
174944 175106 924
175106 174944 924
180104 180148 938
180148 180104 938
166455 166288 829
166288 166455 829
106780 106977 1698
111257 111826 1194
45875 46050 608
176116 176060 908
176060 176116 908
144241 143801 796
143801 144241 796
127591 127758 781
127758 127591 781
45909 45795 609
153733 184886 822
181007 181112 937
181112 181007 937
127577 127580 1082
127580 127577 1082
170457 170449 911
170449 170457 911
50649 50553 743
50553 50649 743
175462 175057 907
175057 175462 907
144241 144581 795
144581 144241 795
172344 172471 944
172471 172344 944
180064 179889 840
179889 180064 840
154172 154494 956
154494 154172 956
135224 135196 1176
135196 135224 1176
146679 146958 793
146958 146679 793
21218 21111 1612
21111 21218 1612
21246 21236 1610
21236 21246 1610
138695 139400 1169
139400 138695 1169
141210 140932 798
140932 141210 798
180576 180662 974
180662 180576 974
164959 165065 880
165065 164959 880
181880 181878 982
181878 181880 982
21218 21220 1611
21220 21218 1611
21252 21253 1608
21253 21252 1608
154490 154016 822
25914 25787 1435
25787 25914 1435
26687 26675 1411
26675 26687 1411
11279 11172 1571
11172 11279 1571
101605 101591 757
101591 101605 757
117943 117718 1185
117718 117943 1185
107421 107402 770
107402 107421 770
64025 63488 735
63488 64025 735
163183 162551 904
162551 163183 904
45492 45414 1482
45414 45492 1482
94614 94608 707
94608 94614 707
94876 94413 703
94413 94876 703
10676 10664 1582
10664 10676 1582
41566 41585 1461
41585 41566 1461
41914 41945 1477
41945 41914 1477
33909 34216 1649
34216 33909 1649
181094 181021 841
181021 181094 841
117555 117446 1115
117446 117555 1115
165549 165607 877
165607 165549 877
154780 154467 826
154467 154780 826
154477 154467 825
154467 154477 825
182900 182930 932
182930 182900 932
31498 31715 1498
31715 31498 1498
46765 44562 577
44562 46765 577
6209 6215 1631
6215 6209 1631
6673 6672 1561
6672 6673 1561
6784 6827 1530
6827 6784 1530
8285 8232 1528
8232 8285 1528
31957 31944 1496
31944 31957 1496
11215 10676 1523
10676 11215 1523
46269 46676 1392
46676 46269 1392
24521 24429 1434
24429 24521 1434
137525 137567 1170
137567 137525 1170
10630 10646 1581
10646 10630 1581
31839 31855 1495
31855 31839 1495
62978 63367 660
63367 62978 660
43680 43535 1480
43535 43680 1480
41855 41866 1474
41866 41855 1474
18168 18184 1541
18184 18168 1541
70954 70792 1280
10336 10305 1572
10305 10336 1572
56959 56479 1308
56479 56959 1308
117446 117285 1116
117285 117446 1116
10621 10614 1579
10614 10621 1579
107153 107178 765
107178 107153 765
170210 170283 945
170283 170210 945
28931 29287 1740
29287 28931 1740
176531 176297 925
176297 176531 925
138807 138855 1679
199356 199357 1679
138855 138807 1679
199357 199356 1679
141450 141411 1032
141411 141450 1032
16987 16981 1595
16981 16987 1595
20255 20233 1554
20233 20255 1554
21252 21247 1609
21247 21252 1609
31653 31802 1443
31802 31653 1443
64771 64610 1354
64610 64771 1354
15326 16882 1521
16882 15326 1521
41850 42106 1395
42106 41850 1395
21267 21273 1607
21273 21267 1607
34593 34216 1650
34216 34593 1650
43990 43758 1481
43758 43990 1481
33355 33569 1735
33569 33355 1735
10569 10573 1575
10573 10569 1575
89367 89739 692
89739 89367 692
58252 58249 1341
58249 58252 1341
46266 46682 617
46682 46266 617
44570 44940 1452
44940 44570 1452
54956 54751 633
54751 54956 633
35925 35701 1653
35701 35925 1653
182954 182950 855
182950 182954 855
30576 30716 1402
30716 30576 1402
182868 182815 933
182815 182868 933
183249 183223 851
183223 183249 851
182028 181859 842
181859 182028 842
71007 71228 1279
71228 71007 1279
28760 28610 1404
28610 28760 1404
158639 158545 1040
158545 158639 1040
159761 159747 867
159747 159761 867
93238 93244 723
93244 93238 723
68159 65781 661
65781 68159 661
101606 101508 1249
101508 101606 1249
74790 73992 1303
73992 74790 1303
93219 93233 724
93233 93219 724
140158 140289 1055
140289 140158 1055
128658 128657 1086
128657 128658 1086
136720 136742 1172
136742 136720 1172
101608 101615 758
101615 101608 758
24429 24316 1433
24316 24429 1433
140646 140405 799
140405 140646 799
132841 132968 1056
132968 132841 1056
183292 183354 852
183354 183292 852
12992 12555 1522
12555 12992 1522
111466 112966 551
112966 111466 551
107343 107303 769
107303 107343 769
85807 84917 689
84917 85807 689
41635 41644 1464
41644 41635 1464
113860 114027 352
123516 123856 1136
123856 123516 1136
127175 127442 785
127442 127175 785
43276 43232 613
43232 43276 613
43276 43484 614
43484 43276 614
107493 107651 762
107651 107493 762
175423 175252 864
175252 175423 864
118170 118275 1188
118275 118170 1188
150240 150368 957
150368 150240 957
35530 35517 1657
35517 35530 1657
36008 35925 1654
35925 36008 1654
21327 21492 1553
21492 21327 1553
168460 168575 831
168575 168460 831
54598 54626 1292
54626 54598 1292
31837 31839 1494
31839 31837 1494
94413 93627 728
93627 94413 728
45768 46266 616
37187 36948 1375
36948 37187 1375
10676 10166 1524
10166 10676 1524
181951 181956 985
181956 181951 985
146055 146679 794
146679 146055 794
181960 181956 986
181956 181960 986
182527 182571 844
182571 182527 844
182584 182950 862
182950 182584 862
29433 29631 1440
29631 29433 1440
181902 181905 983
181905 181902 983
181918 181867 976
181867 181918 976
182632 182618 934
182618 182632 934
181905 181910 984
181910 181905 984
28546 28255 1405
28255 28546 1405
160424 160261 901
160261 160424 901
41451 41559 1731
41559 41451 1731
41684 41682 1465
41682 41684 1465
43447 43643 1454
43643 43447 1454
43813 44046 1453
44046 43813 1453
145625 145759 1166
145759 145625 1166
156957 157132 827
157132 156957 827
31765 32003 1506
32003 31765 1506
157281 157132 828
157132 157281 828
20133 20238 1613
20238 20133 1613
53198 53334 651
53334 53198 651
183072 183078 847
183078 183072 847
41587 41586 1462
41586 41587 1462
42134 42168 1458
42168 42134 1458
44346 44083 1394
44083 44346 1394
19735 19776 1555
19776 19735 1555
40701 40666 1659
40666 40701 1659
45492 45493 1483
45493 45492 1483
43447 43249 1457
43249 43447 1457
107194 107224 767
107224 107194 767
107120 107092 764
107092 107120 764
176716 176737 836
176737 176716 836
46423 46071 611
30388 30357 1499
30357 30388 1499
7028 7030 1564
7030 7028 1564
177115 177079 909
177079 177115 909
45124 44429 615
44429 45124 615
109426 108876 1247
108876 109426 1247
178611 178706 838
178706 178611 838
81655 81502 687
81502 81655 687
80250 81502 686
81502 80250 686
141455 141262 1168
141262 141455 1168
10310 10305 1573
10305 10310 1573
16964 17056 1619
17056 16964 1619
124600 124544 1076
124544 124600 1076
111523 111646 1237
111646 111523 1237
126561 126560 1085
126560 126561 1085
158512 158639 1051
158639 158512 1051
168616 168431 905
168431 168616 905
142562 142415 797
142415 142562 797
18196 18253 1518
18253 18196 1518
19718 19606 1516
19606 19718 1516
16822 16836 1596
16836 16822 1596
43505 43302 2021
43302 43505 2021
44252 43665 1309
43665 44252 1309
16964 16966 1594
16966 16964 1594
16964 16959 1593
16959 16964 1593
24036 24140 1432
24140 24036 1432
16882 17175 1520
17175 16882 1520
18911 19017 1614
19017 18911 1614
14520 14513 1545
14513 14520 1545
8786 8836 1525
8836 8786 1525
8368 8810 1624
8810 8368 1624
183590 108033 1242
108033 183590 1242
15500 15456 1543
15456 15500 1543
29940 29748 1739
29748 29940 1739
125815 125790 1137
125790 125815 1137
4205 4272 1632
4272 4205 1632
159735 159747 868
159747 159735 868
36031 35918 1311
35918 36031 1311
159951 159701 871
159701 159951 871
182082 182028 843
182028 182082 843
181841 181867 975
181867 181841 975
162551 161890 903
161890 162551 903
180554 180576 973
180576 180554 973
126959 126926 782
126926 126959 782
44346 45138 1393
45138 44346 1393
92640 92902 694
92902 92640 694
61017 60880 656
60880 61017 656
119224 118918 1184
118918 119224 1184
143533 143269 1675
143269 143533 1675
183926 78620 160
61416 61445 659
61445 61416 659
182942 182982 846
182982 182942 846
182914 182935 845
182935 182914 845
179449 179812 972
179812 179449 972
108162 108366 1243
108366 108162 1243
140937 141001 1009
44355 44346 1478
44346 44355 1478
44241 44346 1479
44346 44241 1479
19171 19107 1615
19107 19171 1615
22068 21763 1514
21763 22068 1514
16882 16864 1598
16864 16882 1598
46267 46423 610
28088 28037 1507
28037 28088 1507
50370 50359 626
50359 50370 626
47885 47878 619
47878 47885 619
35202 35274 1651
35274 35202 1651
10588 10586 1578
10586 10588 1578
41631 41635 1463
41635 41631 1463
41725 41731 1466
41731 41725 1466
95399 95358 1705
95358 95399 1705
38601 38675 1310
38675 38601 1310
42134 42101 1459
42101 42134 1459
154479 154477 824
154477 154479 824
183223 183220 848
183220 183223 848
88799 88478 691
88478 88799 691
18089 18077 1542
18077 18089 1542
36238 36063 1656
36063 36238 1656
126561 126866 1084
126866 126561 1084
104375 104975 552
104975 104375 552
10648 10641 1580
10641 10648 1580
35701 35587 1652
35587 35701 1652
8796 8793 1622
8793 8796 1622
46676 47150 1391
47150 46676 1391
31177 30993 1441
30993 31177 1441
31323 31333 1492
31333 31323 1492
122817 123058 788
123058 122817 788
5146 5159 2027
5159 5146 2027
25675 25512 1510
25512 25675 1510
182952 182912 861
182912 182952 861
32003 32433 1505
32433 32003 1505
179024 178706 839
178706 179024 839
37248 37090 1396
37090 37248 1396
5200 5265 1531
5265 5200 1531
49278 49488 622
49488 49278 622
30388 30726 1500
30726 30388 1500
41797 41781 1468
41781 41797 1468
22640 22646 2022
22646 22640 2022
59359 59638 1287
59638 59359 1287
55387 55290 1290
55290 55387 1290
109641 109374 1222
109374 109641 1222
46181 45492 1504
45492 46181 1504
8778 8773 1623
8773 8778 1623
10581 10591 1576
10591 10581 1576
47878 47850 618
47850 47878 618
49615 49923 623
49923 49615 623
23700 23762 1644
23762 23700 1644
96782 96306 1704
96306 96782 1704
76258 183932 1323
158302 158240 1156
17453 17331 1618
17331 17453 1618
50327 50177 1728
50177 50327 1728
24114 23892 1511
23892 24114 1511
16947 16946 1592
16946 16947 1592
41801 41797 1469
41797 41801 1469
183506 54242 741
54242 183506 741
19044 19083 1517
19083 19044 1517
107502 107639 1221
107639 107502 1221
159079 158838 381
158838 159079 381
181867 181871 981
181871 181867 981
166585 166474 949
166474 166585 949
7941 7799 1628
7799 7941 1628
43639 43417 606
43417 43639 606
47578 47867 620
47867 47578 620
181228 181223 863
181223 181228 863
166474 184891 950
184891 166474 950
176691 176629 101
158239 158295 1156
43276 43376 1455
43376 43276 1455
166783 167291 830
167291 166783 830
43376 43447 1456
43447 43376 1456
7376 7437 1529
7437 7376 1529
115821 117142 333
26596 26687 1436
26687 26596 1436
6797 6803 1563
6803 6797 1563
183879 26405 1414
58977 58253 1289
58253 58977 1289
18196 17903 1519
17903 18196 1519
19877 19735 1515
19735 19877 1515
182591 182618 935
182618 182591 935
32681 32879 1736
32879 32681 1736
45124 45129 1451
45129 45124 1451
53784 53982 632
53982 53784 632
21402 21540 1603
21540 21402 1603
8105 7941 1627
7941 8105 1627
34582 34386 1658
34386 34582 1658
22456 21999 1643
41901 41889 1475
41889 41901 1475
161913 160847 120
27800 183509 1646
183509 27800 1646
39762 39472 1447
78196 76079 664
76079 78196 664
23798 24428 1645
24428 23798 1645
99648 99845 754
99845 99648 754
92788 92794 722
92794 92788 722
68159 69711 662
69711 68159 662
92577 93219 725
93219 92577 725
58301 58307 1343
58307 58301 1343
87750 87172 690
87172 87750 690
63445 63413 732
63413 63445 732
116101 116125 1064
116125 116101 1064
107215 107224 768
107224 107215 768
42243 42069 1470
42069 42243 1470
10594 10597 1577
10597 10594 1577
101490 101262 755
101262 101490 755
165391 165506 878
165506 165391 878
23701 23633 1513
23633 23701 1513
75773 183596 1325
183596 75773 1325
199613 199545 1325
51077 50458 628
50458 51077 628
51077 51443 629
51443 51077 629
101538 101561 756
101561 101538 756
62656 62886 733
62886 62656 733
50255 50342 624
67553 68147 1352
183593 51091 1370
105130 104529 1197
78757 183930 160
50359 50262 625
73787 72527 1276
72527 73787 1276
70574 70462 1285
70462 70574 1285
51443 51903 630
51903 51443 630
183931 77002 451
26900 27135 1422
184325 184326 1422
76753 75978 162
73741 73413 1327
73413 73741 1327
74672 75163 1326
75163 74672 1326
41998 42046 1476
42046 41998 1476
124954 124394 786
124394 124954 786
74276 76079 663
76079 74276 663
58331 58328 1345
58328 58331 1345
67570 67952 1286
67952 67570 1286
70809 71019 1283
76511 183933 1322
76829 184617 452
184319 87932 341
86400 86834 221
75265 74917 1274
74917 75265 1274
77599 78211 1273
78211 77599 1273
160913 160632 902
160632 160913 902
147920 148181 792
148181 147920 792
181245 181112 936
181112 181245 936
5199 5186 1630
5186 5199 1630
135232 135224 1177
135224 135232 1177
49278 49082 621
49082 49278 621
41558 41562 1460
41562 41558 1460
31332 31325 1491
31325 31332 1491
16822 16819 1597
16819 16822 1597
31885 31957 1497
31957 31885 1497
29633 29534 1403
29534 29633 1403
27179 27590 1509
27590 27179 1509
125193 126175 784
126175 125193 784
184555 27121 1423
27121 184555 1423
84917 84528 688
84528 84917 688
117538 117091 1693
117091 117538 1693
199679 199340 1693
64456 64162 169
31533 31663 1493
31663 31533 1493
28223 28660 1439
28660 28223 1439
43359 44562 578
44562 43359 578
134225 130932 516
70792 70574 1282
50649 51826 742
51826 50649 742
94551 94513 705
94513 94551 705
44687 44445 744
44445 44687 744
74917 75019 1275
75019 74917 1275
104840 107078 148
199256 199225 148
73224 73207 1328
73207 73224 1328
184322 184325 1423
64259 64025 734
64025 64259 734
141362 141786 1677
199208 199698 1677
141786 141362 1677
199698 199208 1677
113754 113866 1213
114702 115366 1220
129358 128729 518
122144 122136 1182
122136 122144 1182
142218 141353 1005
134585 134679 1178
134679 134585 1178
136504 136673 1175
136673 136504 1175
115788 114681 354
171268 170627 113
131561 131584 1099
131584 131561 1099
131467 131473 1092
131473 131467 1092
8285 8288 1625
8288 8285 1625
32014 32391 1399
32391 32014 1399
27821 184331 1406
184331 27821 1406
39594 39262 579
39262 39594 579
131029 134810 516
126959 126419 783
126419 126959 783
79432 79769 1302
79769 79432 1302
69708 69884 1333
69884 69708 1333
143235 142584 1676
142584 143235 1676
119298 119327 2005
119327 119298 2005
92157 92389 693
92389 92157 693
124048 124072 1074
124072 124048 1074
139799 140405 800
140405 139799 800
112401 112413 1227
112413 112401 1227
128661 128658 1087
128658 128661 1087
95866 95937 1266
95937 95866 1266
140160 139434 514
78214 79587 458
121440 121743 1112
121743 121440 1112
125815 126003 1138
126003 125815 1138
103994 102916 1264
102916 103994 1264
69067 68760 1304
68760 69067 1304
110524 110428 1263
110428 110524 1263
62314 63657 1306
63657 62314 1306
171585 171268 112
73010 73208 1330
73208 73010 1330
112628 111766 144
199228 199703 144
72172 184647 1277
184647 72172 1277
112459 112600 1226
112600 112459 1226
121790 121370 1135
121370 121790 1135
111910 111706 1225
111706 111910 1225
120488 120133 1183
120133 120488 1183
122536 122361 1180
122361 122536 1180
165266 163106 1151
152463 184879 503
199286 199733 503
42363 38178 603
38178 42363 603
112452 112453 1230
131555 131556 1098
131556 131555 1098
150970 151039 1162
112705 112013 1067
112013 112705 1067
81066 81305 666
81305 81066 666
69407 69817 1717
69817 69407 1717
131533 131527 1093
131527 131533 1093
149308 150123 816
159080 161368 121
4024 4515 214
56854 57477 654
199570 199569 654
57477 56854 654
199569 199570 654
120968 120572 1113
120572 120968 1113
131548 131549 1097
131549 131548 1097
112401 112407 1228
183503 75551 685
75551 183503 685
49902 50297 177
199293 199580 177
46206 45470 179
199533 199582 179
58314 58307 1344
58307 58314 1344
158637 158437 382
158437 158637 382
172356 172678 832
172678 172356 832
137389 139784 366
124922 124950 1078
124950 124922 1078
54462 54454 2019
54454 54462 2019
104499 105134 1197
127230 127492 1139
199722 199723 1139
127492 127230 1139
199723 199722 1139
185354 6914 1565
6914 185354 1565
8682 7997 208
125344 183900 1017
111524 111706 1224
111706 111524 1224
183933 183923 1321
182970 182982 931
182982 182970 931
43155 184395 181
199291 199497 181
15449 15427 1544
15427 15449 1544
45360 45492 1503
45492 45360 1503
28042 28050 1647
28050 28042 1647
31177 31569 1442
31569 31177 1442
145015 144688 1167
144688 145015 1167
27135 184324 1422
166987 167082 1148
131584 131608 1100
131608 131584 1100
142531 142218 1004
132591 132294 1683
199350 199688 1683
132294 132591 1683
199688 199350 1683
184902 152355 127
184915 108550 1239
108550 184915 1239
132043 131272 363
199844 199903 363
158430 159080 122
158974 158214 122
131651 131643 1101
131643 131651 1101
157913 157745 1038
157745 157913 1038
159679 159499 1042
159499 159679 1042
114507 114756 1215
108781 108829 1240
108829 108781 1240
131259 131095 1058
131095 131259 1058
157913 158104 1039
158104 157913 1039
74012 74362 225
74362 74012 225
151266 152855 373
76864 77174 451
13257 13476 203
183752 184596 194
68240 67553 1352
83875 83825 2009
139467 140420 514
111010 111431 1223
111431 111010 1223
97763 97551 1265
97551 97763 1265
103329 102674 321
167764 167416 948
167416 167764 948
158716 158627 376
115311 114913 1217
114761 114737 1065
114737 114761 1065
52330 52723 443
199808 199611 443
185046 81665 159
157573 158001 374
7784 7940 209
75101 75775 163
76221 77010 224
77010 76221 224
167082 167081 1149
151225 150783 814
168071 168569 116
162457 161627 1153
63703 63663 1305
63663 63703 1305
127735 128372 519
136742 136667 1171
136667 136742 1171
121846 122186 357
199860 199718 357
159963 161062 884
165286 165391 879
165391 165286 879
176964 177147 942
177147 176964 942
43507 44445 604
44445 43507 604
49834 49712 1729
49712 49834 1729
73253 73224 1329
73224 73253 1329
4519 4020 214
7940 8666 208
105417 105307 1699
112100 112144 1231
161368 162765 120
111882 111604 328
126574 126901 1060
126901 126574 1060
51090 183594 1370
49844 49959 1371
54314 54252 1366
184821 8797 1621
8797 184821 1621
17668 17539 197
69125 68404 166
164959 164711 881
164711 164959 881
183560 151077 373
136941 137195 1173
137195 136941 1173
168743 168429 2003
168429 168743 2003
58041 58323 173
199212 199801 173
138574 136863 515
112456 112394 1232
136737 136979 1174
136979 136737 1174
103974 104499 1198
76593 76572 453
54534 54174 1368
26661 184825 1420
45470 43681 180
199582 199290 180
183877 17923 197
162450 162539 1152
162577 162457 1152
104937 104623 322
167760 167625 875
167625 167760 875
76465 76258 1323
5275 4991 213
13474 13260 203
14718 15217 201
141013 141094 1006
90400 91905 1269
91905 90400 1269
64063 64002 1661
64002 64063 1661
136802 136742 1172
136742 136802 1172
107469 107989 325
107082 104558 148
199308 199662 148
144043 145271 369
151967 152544 1037
152544 151967 1037
159571 159689 885
146176 146374 1035
146374 146176 1035
71111 71496 1331
71496 71111 1331
129330 131029 517
27493 184323 1745
115378 114129 331
118206 115736 333
130745 130451 1091
130451 130745 1091
21892 22531 1643
92577 92447 726
92447 92577 726
123543 124132 1688
199694 199696 1688
124132 123543 1688
199696 199694 1688
151229 151567 813
155435 154981 955
154981 155435 955
147812 183637 510
199669 199672 510
136626 138693 515
156874 157536 954
157536 156874 954
150119 149305 816
149305 148638 817
131711 131703 1102
131703 131711 1102
173127 173573 833
173573 173127 833
184228 184505 309
199656 199928 309
158688 158890 890
137658 184664 1012
114182 114189 330
114912 114611 1216
168603 168120 116
152474 152477 504
174820 175295 943
175295 174820 943
150394 150645 815
118035 118192 355
199713 199814 355
21051 20597 195
21278 21279 1605
21279 21278 1605
156075 155585 385
155585 156075 385
166803 183446 117
115246 115140 404
199771 199959 404
95363 183558 150
199232 199456 150
104537 105316 322
54271 184999 1367
68247 69044 1351
114124 114117 330
115398 115821 332
131546 131547 1096
131547 131546 1096
108975 183447 1022
140941 141011 1031
141011 140941 1031
95937 96260 1267
96260 95937 1267
8920 9282 206
72224 184987 463
115141 115813 1190
95937 95880 1301
95880 95937 1301
103654 105525 416
199914 199649 416
136242 183899 1012
158398 158646 375
164301 162769 119
40088 39796 183
199313 199482 183
7997 7744 209
67152 67846 167
75978 75102 163
175132 175269 834
175269 175132 834
148097 148119 509
199804 199670 509
176629 176557 2001
176557 176629 2001
120622 121345 334
111442 110982 1202
115736 115378 332
16174 15188 200
128661 128839 1088
128839 128661 1088
169161 169796 115
121343 120524 334
50958 183764 444
199592 199460 444
124208 122278 139
199715 199899 139
131158 131657 137
199901 199889 137
162583 162532 866
162532 162583 866
184910 143120 1003
66698 66452 2016
123750 123991 359
199856 199934 359
113681 184359 1211
110026 108314 1196
166980 166922 1150
128658 128266 1111
128266 128658 1111
175418 175269 835
175269 175418 835
145402 145789 960
145789 145402 960
115531 115205 1118
115205 115531 1118
167764 167996 947
167996 167764 947
152425 152089 127
151736 151225 813
70979 71130 682
71130 70979 682
150645 151229 814
178786 178646 941
178646 178786 941
117512 118007 1189
183896 131055 1015
160124 184974 887
132294 132009 1684
199688 199912 1684
132009 132294 1684
199912 199688 1684
158018 157613 374
162809 163380 883
163380 162809 883
158654 158686 376
145759 147685 1165
147685 145759 1165
108160 108061 324
131545 131546 1095
131546 131545 1095
183892 103127 321
114522 112686 143
199707 199227 143
184233 91725 309
15217 16173 200
9277 8917 206
148911 185560 959
185560 148911 959
81595 82235 159
143840 143297 963
143297 143840 963
42013 183885 446
199784 199785 446
46715 44762 1660
44762 46715 1660
116026 115444 1132
115444 116026 1132
184986 72237 463
113823 113393 1192
99338 99415 2008
99415 99338 2008
111624 111887 328
115163 115037 402
199264 199933 402
117699 118171 1114
118171 117699 1114
127190 127424 1083
127424 127190 1083
160847 158974 121
149722 148763 507
199277 199803 507
158670 158435 375
114645 114912 1216
128935 184382 1016
54799 54355 653
199413 199550 653
54355 54799 653
199550 199413 653
60943 61378 171
199470 199553 171
131095 130369 1059
130369 131095 1059
156275 155989 1052
155989 156275 1052
153825 154511 1053
154511 153825 1053
159679 159683 869
159683 159679 869
141978 141993 1011
108061 107612 325
182033 182015 977
182015 182033 977
107447 111435 327
88627 90400 1270
90400 88627 1270
165725 166144 1142
150783 150119 815
183486 183659 367
113528 113356 1120
113356 113528 1120
183881 26703 1416
123807 123980 1071
123980 123807 1071
183887 72150 164
124843 124611 1072
124611 124843 1072
123553 184177 358
199858 199946 358
162809 159571 884
124671 124841 1073
124841 124671 1073
159679 159661 870
159661 159679 870
114894 115366 1219
170210 169947 946
169947 170210 946
86595 185060 155
122633 123454 358
199719 199855 358
104529 103946 1198
95021 185772 712
26646 26665 1418
72154 71667 164
153195 184909 125
111574 111671 2007
111671 111574 2007
111177 111446 1202
117350 118667 142
199711 199772 142
124765 124558 1062
124558 124765 1062
145275 144044 369
146305 146526 370
143811 143828 1034
143828 143811 1034
165825 166514 876
166514 165825 876
151967 150689 1036
150689 151967 1036
176609 177021 101
162765 163918 119
151062 150987 1162
155418 155778 124
184975 160109 887
130266 130451 1090
130451 130266 1090
171621 171557 2002
171557 171621 2002
107989 108050 324
143237 142888 1003
63022 63452 170
79407 78744 458
183923 76748 1321
4994 5304 213
15188 14733 201
16944 16941 1591
16941 16944 1591
17228 16942 199
14733 13474 202
21832 21705 1551
21705 21832 1551
21542 21543 2023
6608 6494 1629
6494 6608 1629
51903 52567 631
52567 51903 631
26702 26674 1418
115220 115202 401
118193 117747 355
199816 199960 355
91400 92565 1707
98432 102685 418
199944 199931 418
152832 152583 811
152355 153195 126
52723 53641 442
199611 199981 442
105316 108319 323
170627 170230 114
148911 148958 958
148958 148911 958
185113 142060 1005
8357 8400 1526
8400 8357 1526
117719 117995 1187
117995 117719 1187
183590 183588 1241
183588 183590 1241
108313 110025 1196
94563 185778 706
185778 94563 706
185749 112079 1229
111887 114182 329
129027 125766 138
199777 199774 138
56258 56775 1724
199368 199369 1724
56775 56258 1724
199369 199368 1724
31839 31961 1400
31961 31839 1400
26717 26702 1417
145402 145182 961
145182 145402 961
41731 41739 1467
41739 41731 1467
42821 186030 1374
186030 42821 1374
133054 131998 1013
21273 21402 1604
21402 21273 1604
152089 151997 128
163504 163257 872
163257 163504 872
26830 26710 1421
166385 166356 951
166356 166385 951
183780 37540 184
199483 199541 184
183832 36921 185
199463 199542 185
30439 31146 1737
31146 30439 1737
166949 185375 1148
139786 184280 366
199270 199969 366
64347 65669 169
21274 21273 1606
21273 21274 1606
122184 121845 357
199729 200067 357
70434 69151 433
199632 199881 433
58372 58390 1347
58390 58372 1347
30439 30303 1738
30303 30439 1738
87670 186613 424
185481 176582 102
176595 185480 102
84235 84091 1712
102495 103643 320
7744 7022 210
26760 26900 1421
113742 113860 351
199448 199955 351
113860 113742 351
199955 199448 351
169713 169003 115
114982 186464 402
79103 78196 665
78196 79103 665
7018 7784 210
32391 32605 1398
32605 32391 1398
184627 87590 424
199923 200060 424
114308 114346 353
10330 10566 1574
10566 10330 1574
6779 6749 1562
6749 6779 1562
139579 139619 801
139619 139579 801
43212 43109 612
43109 43212 612
113761 113756 1212
106246 106200 773
106200 106246 773
186704 175540 1751
175540 186704 1751
184007 184142 429
199519 200050 429
114532 186492 1119
186492 114532 1119
81520 81585 667
81585 81520 667
27948 27590 1508
27590 27948 1508
71589 71509 1278
71509 71589 1278
8357 8315 1527
8315 8357 1527
34809 34703 1376
34703 34809 1376
186858 124296 1075
124296 186858 1075
184977 140944 1009
118822 119512 1063
119512 118822 1063
63732 63027 170
199216 199871 170
184582 82384 223
199756 199877 223
82384 184582 223
75773 75993 1324
199545 199987 1324
75993 75773 1324
87932 88414 341
183914 70704 464
115311 114843 1218
184984 185601 320
165378 165359 1141
114866 114748 1696
114748 114866 1696
184272 114732 1131
114732 184272 1131
27848 27370 1745
40267 40007 447
39680 40066 1447
19098 19076 1616
19076 19098 1616
186303 115009 401
114865 114913 1214
184268 113992 352
7022 6917 211
114117 111882 329
125538 185282 1061
185282 125538 1061
95030 95134 1268
95134 95030 1268
117188 117294 1186
117294 117188 1186
158193 158390 377
184195 184192 344
184192 184195 344
114233 184178 1191
74980 74725 1715
74725 74980 1715
128372 129330 518
32407 186083 1444
114357 114304 353
183449 166347 117
119185 119233 1021
171199 171579 112
185255 157814 383
157814 185255 383
22497 22709 191
199559 199991 191
84251 84564 1711
184615 124257 1018
44445 44213 605
44213 44445 605
84086 84229 1712
6915 7018 211
23835 23869 1431
23869 23835 1431
137586 186149 135
200023 200068 135
111440 107098 327
20597 20320 196
45505 45507 1484
45507 45505 1484
184381 184376 1016
68763 68737 2014
68737 68763 2014
63412 63406 731
63406 63412 731
108156 105189 323
113778 113788 1212
185908 185910 570
185917 185919 575
185848 185850 570
184202 90586 345
90586 184202 345
13476 14718 202
185900 185902 567
185838 185842 575
50040 49886 1501
49886 50040 1501
46027 186016 1485
186016 46027 1485
107894 185405 761
185405 107894 761
185896 185898 565
185859 185861 565
134551 185143 1682
199411 200007 1682
185143 134551 1682
200007 199411 1682
185855 185857 567
186084 32407 1444
149111 148176 1674
148176 149111 1674
25785 186908 190
199822 200089 190
184394 43553 181
199753 199498 181
115490 114492 1190
185913 185915 573
185842 185840 574
185885 185887 560
185947 185921 529
185985 185984 523
185884 185885 559
185921 185878 554
185887 185888 561
68244 64668 434
199882 200070 434
23892 23701 1512
23701 23892 1512
114492 114040 1191
72694 71386 683
71386 72694 683
185861 185864 564
185868 185870 560
185983 185986 523
51053 185838 576
185867 185868 561
53641 54201 441
199981 200085 441
54296 54350 1293
54350 54296 1293
185919 51053 576
185847 185848 571
54070 54499 1368
49903 186109 1371
185865 185867 562
185873 185876 556
185973 185942 751
108230 108773 1022
49347 49647 1502
49647 49347 1502
94234 93833 695
93833 94234 695
26671 26653 1412
26653 26671 1412
21834 21540 1602
21540 21834 1602
185980 185982 525
127775 128464 1686
199961 199697 1686
128464 127775 1686
199697 199961 1686
124326 125329 1018
114978 114859 1214
124617 124676 1077
124676 124617 1077
136497 137389 365
16940 17225 199
8289 8291 1626
8291 8289 1626
83781 83245 158
185911 185913 572
70696 71659 464
20302 20592 196
185892 185896 564
185981 185979 525
185910 185911 571
74874 75551 684
75551 74874 684
54174 52901 1369
185941 185921 529
185943 185973 751
185881 185882 557
76748 186140 1322
151921 151949 390
54355 53998 652
53998 54355 652
199970 199550 652
94430 94420 704
94420 94430 704
54206 187217 441
199590 200109 441
21999 21710 1642
112148 112394 1233
112394 112148 1233
198071 17639 1617
156075 185254 384
185254 156075 384
21492 198062 1552
198062 21492 1552
86595 86400 221
17648 198072 1617
21630 183744 1641
185002 72148 2012
72148 185002 2012
185844 185847 572
185840 185844 573
92787 185406 721
185406 92787 721
185888 185890 562
185878 185879 555
185922 185935 554
185870 185871 559
114659 114682 2006
114682 114659 2006
54894 54645 1365
54376 187227 1365
68319 68748 166
70574 70809 1284
70809 70574 1284
45615 45356 607
45356 45615 607
127523 127677 1079
127677 127523 1079
114114 114344 1066
114344 114114 1066
130170 129358 517
159602 159963 885
184807 132978 1013
128729 127769 519
153093 152425 126
185527 148474 791
148474 185527 791
184612 184608 1141
152015 151736 812
184884 184885 823
184885 184884 823
170357 170728 906
170728 170357 906
101794 101606 1248
101606 101794 1248
166296 164301 118
184253 85887 426
199557 200032 426
118120 117680 1133
117680 118120 1133
69267 69125 165
186148 184375 1015
131998 186148 1014
185876 185955 555
112686 111593 1203
185974 185995 527
29416 186167 1648
186167 29416 1648
185990 185991 521
186020 186016 1373
35504 34898 602
34898 35504 602
185942 185997 528
186019 186017 1372
163793 163380 882
163380 163793 882
166608 166658 1146
185996 185942 527
185989 185985 522
31551 31839 1401
31839 31551 1401
37090 36918 1397
36918 37090 1397
185998 185943 528
186016 186018 1372
58993 185211 1288
185211 58993 1288
163959 166226 118
115531 185176 1117
185176 115531 1117
147634 146642 371
101360 101796 319
185977 186008 526
185882 186009 558
185986 185990 522
186017 186021 1373
26710 26637 1420
50342 50350 624
186007 185978 526
186015 185917 574
87590 86897 425
200060 200123 425
186010 185873 558
186081 186088 1445
185992 185989 521
186013 185859 566
81965 81858 1713
81858 81965 1713
71272 71487 431
200074 200076 431
127493 127492 1080
127492 127493 1080
186011 185892 563
185898 186014 566
39206 39493 1446
185864 186012 563
146526 147625 371
101740 101281 319
84759 84260 1711
152440 185054 504
199734 200132 504
161627 160828 1154
185949 103184 553
103184 185949 553
159306 160622 1155
28073 27888 1438
27888 28073 1438
160550 159230 1155
88515 198288 1382
198288 88515 1382
160825 161757 1154
123807 123668 1179
123668 123807 1179
52834 54070 1369
119272 119188 1021
158227 157727 378
132331 132132 1057
132132 132331 1057
89017 184437 305
198460 26661 1419
167799 167782 921
167782 167799 921
122302 198220 1019
198193 31514 186
200144 200145 186
185043 198203 152
199880 200150 152
82617 83947 428
200084 200081 428
119332 118939 141
200147 199773 141
21838 21834 1601
21834 21838 1601
131986 198177 137
199979 200134 137
36025 36115 1655
36115 36025 1655
61416 61803 658
61803 61416 658
42693 42871 1472
42871 42693 1472
69150 70353 433
200215 200072 433
186231 31323 1492
31323 186231 1492
198443 167640 874
167640 198443 874
184735 185279 1063
185279 184735 1063
77918 76753 161
198742 94640 710
94640 198742 710
183437 141025 1008
3844 106246 773
106246 3844 773
185879 185881 556
112741 185751 1121
185751 112741 1121
111912 111962 1235
111962 111912 1235
111962 112100 1234
185957 198750 568
186903 185956 568
140943 140838 1008
143276 143244 1001
199301 200182 1001
143244 143276 1001
198265 144599 962
144599 198265 962
139771 142726 134
199268 200154 134
184550 50342 624
198760 170647 923
170647 198760 923
108617 108541 413
199916 200229 413
170537 198760 912
198760 170537 912
54084 186126 1364
186126 54084 1364
152496 198906 501
184397 45700 180
199499 200204 180
29742 31128 188
199297 199983 188
106180 198690 772
198690 106180 772
198727 26529 1413
26529 198727 1413
51823 52610 176
200195 200196 176
184950 63025 2017
63025 184950 2017
94630 198742 709
198742 94630 709
198750 185907 569
198904 152461 501
124394 198689 787
198689 124394 787
183924 78961 460
200246 200139 460
46682 45768 616
88522 198292 1383
198292 88522 1383
86989 86802 1381
86802 86989 1381
92109 184872 307
200003 200237 307
198771 88938 1384
88938 198771 1384
21740 22006 193
200143 199870 193
1080 132294 1683
132294 1080 1683
111629 111650 1236
111650 111629 1236
76619 76565 453
184872 186910 306
200237 200238 306
89381 89091 305
148406 149308 817
198688 177954 971
177954 198688 971
79293 184144 460
200136 200166 460
128071 131619 362
199832 199902 362
198690 107486 771
107486 198690 771
186905 183878 190
200087 200191 190
184929 107945 1023
107945 184929 1023
185484 76864 452
151957 198199 128
118667 198202 141
199772 200148 141
71019 71015 1281
60392 184958 2018
184958 60392 2018
105522 103725 416
199652 199982 416
166622 166542 1146
166527 166667 1145
152432 151999 505
200133 199283 505
151218 183537 1161
184959 49035 2020
49035 184959 2020
184202 184204 346
3735 183223 849
183223 3735 849
47828 183525 178
198942 87577 1709
41817 41828 1473
41828 41817 1473
198744 70911 681
70911 198744 681
143276 143301 1002
198217 183894 1019
95852 97728 420
200037 199956 420
22496 22029 192
199990 199850 192
85009 85342 1710
85233 185062 156
199759 199966 156
45700 46778 179
200204 199492 179
159079 199058 380
199058 159079 380
173838 172907 109
172907 172213 110
85331 84992 1710
184856 108291 146
199226 199862 146
97531 95823 420
199476 200034 420
108540 109052 413
200017 200231 413
199032 120117 140
200285 200286 140
198827 54376 1366
37388 39415 184
200152 200207 184
64023 64139 1720
64139 64023 1720
100136 100494 317
99727 199053 316
200243 200304 316
100494 101360 318
185477 175841 106
174478 175503 107
50443 198957 177
200193 200273 177
166561 166652 1143
151738 152058 812
184922 99586 316
101281 100679 318
185045 199062 146
199977 200306 146
10732 198831 204
150370 151266 372
198830 10777 204
95161 198742 713
176014 175853 105
100679 100132 317
199059 185809 343
185809 199059 343
174492 174358 108
172197 172549 110
166724 166560 1145
166644 166618 1144
176151 176370 104
86916 87670 425
199886 200059 425
186126 186125 1363
186125 186126 1363
153305 198915 125
112626 114243 143
199444 199704 143
131272 128055 362
199903 199911 362
31514 31159 187
200145 200209 187
100975 100759 1250
100759 100975 1250
151077 150388 372
21664 184339 1641
131055 131971 1014
90513 92204 307
199930 200230 307
198918 184225 347
75963 76226 162
185982 199041 524
107092 199043 763
199043 107092 763
199051 54406 1367
158874 158737 890
170578 198760 922
198760 170578 922
163340 165069 1151
183536 151208 1161
166843 166829 1147
141027 140933 1007
183525 47047 178
81199 199029 1272
199029 81199 1272
159540 199046 889
184191 89072 304
176235 176166 104
87582 198291 1709
199029 80632 1271
80632 199029 1271
199040 185981 524
160592 199045 888
174323 174478 108
171783 172197 111
96448 95797 315
200305 200312 315
175560 174492 107
172938 173942 109
47828 183527 178
200281 200282 178
88519 198942 1708
33943 199031 1734
199031 33943 1734
119506 199048 1020
88940 186442 1385
186442 88940 1385
199159 66500 168
175841 175987 105
95974 184922 315
200310 200316 315
198964 47047 178
200277 200280 178
198291 88518 1708
184142 199037 430
200050 200290 430
76611 199039 454
199044 159332 889
119222 199049 1134
199049 119222 1134
3748 35642 601
35642 3748 601
114386 114534 406
199951 200248 406
151981 151837 388
100759 100427 1251
100427 100759 1251
151858 151842 132
200328 200329 132
184639 150613 1163
151423 151433 1672
151433 151423 1672
152014 151960 389
151997 151851 129
91843 199146 311
200064 200322 311
199160 185992 520
185991 199161 520
151155 150049 1673
150049 151155 1673
151795 151807 132
151823 198274 133
200330 200333 133
152423 152203 387
152203 152423 387
150573 184639 1164
151812 151957 129
150687 184637 1163
153629 153868 386
153868 153629 386
47622 199202 444
200206 200334 444
151807 151744 131
184637 150674 1164
151960 199067 388
184812 122321 1181
122321 184812 1181
126920 184615 1017
166618 166532 1143
